0 20 20
1 27 22
2 41 28
3 51 31
4 70 40
5 100 47
6 127 55
7 172 62
8 231 72
9 311 77
10 387 95
11 485 109
12 618 116
13 743 129
14 853 130
15 1002 152
16 1119 167
17 1194 185
18 1276 215
19 1360 242
20 1420 274
21 1489 305
22 1468 345
23 1426 372
24 1356 411
25 1225 446
26 1088 495
27 938 560
28 800 571
29 711 587
30 637 613
31 586 581
32 538 568
33 500 529
34 475 516
35 448 458
36 463 423
37 448 376
38 450 345
39 462 347
40 453 326
41 483 313
42 492 310
43 518 313
44 540 327
45 565 324
46 585 336
47 599 345
48 670 354
49 709 363
50 735 377
51 745 374
52 738 402
53 736 430
54 741 433
55 765 448
56 781 467
57 751 488
58 732 504
59 690 529
60 655 562
61 606 577
62 599 620
63 583 626
64 513 627
65 461 579
66 427 586
67 406 568
68 423 547
69 405 533
70 424 521
71 424 498
72 418 480
73 463 431
74 488 422
75 498 362
76 553 332
77 572 316
78 599 334
79 638 342
80 622 345
81 632 345
82 612 352
83 641 384
84 635 399
85 601 421
86 581 430
87 574 462
88 564 505
89 570 500
90 609 483
91 607 491
92 638 516
93 634 546
94 640 573
95 578 607
96 515 641
97 470 642
98 439 666
99 425 642
100 389 654
101 380 679
102 377 629
103 380 612
104 399 592
105 395 557
106 390 514
107 381 479
108 383 446
109 349 424
110 362 394
111 378 401
112 386 382
113 398 344
114 391 337
115 397 349
116 402 351
117 366 346
118 350 364
119 366 341
120 377 346
121 399 342
122 415 348
123 430 356
124 471 370
125 537 388
126 592 406
127 659 425
128 706 438
129 758 475
130 828 517
131 866 545
132 866 592
133 856 611
134 796 647
135 715 699
136 627 735
137 510 801
138 439 822
139 335 837
140 282 836
141 256 862
142 215 848
143 201 838
144 192 813
145 190 784
146 190 763
147 181 722
148 184 669
149 192 653
150 176 579
151 156 568
152 153 536
153 148 506
154 151 483
155 154 461
156 176 418
157 188 370
158 212 366
159 224 357
160 262 374
161 260 401
162 260 395
163 270 398
164 272 385
165 275 400
166 246 417
167 264 446
168 248 447
169 258 473
170 258 497
171 229 530
172 221 520
173 247 491
174 254 487
175 276 505
176 293 525
177 326 531
178 364 528
179 395 568
180 444 595
181 480 599
182 539 663
183 572 720
184 618 732
185 682 759
186 688 807
187 709 823
188 698 791
189 705 822
190 678 833
191 591 835
192 473 889
193 370 910
194 270 974
195 185 955
196 137 952
197 114 970
198 100 974
199 97 968
